20
18
4
-8
19
-9
-10
-18
4
11
8
2
1
14
-16
19
-14
20
-1
20
-19
1
8
-18
12
-15
-18
-1
-18
6
-16
10
3
13
-17
17
-15
9
-11
-3
-20
-3
-1
10
2
15
20
20
13
17
15
-4
-9
5
-11
-4
-13
1
15
9
10
13
15
-6
16
-6
7
-17
-4
0
-17
-1
11
2
-18
17
-4
8
-2
12
9
10
7
15
5
19
19
-17
-3
-11
-9
-16
-3
-11
10
4
-12
1
0
8
9
10
4
-12
-16
-8
-8
-3
-2
-6
18
-2
14
-4
-3
-2
-6
10
-16
-12
13
-10
2
-3
-6
14
9
-16
1
5
4
16
16
-18
-10
-5
-7
10
-19
-12
6
3
-14
19
-12
-8
1
-5
-20
-18
5
-5
11
6
17
-1
18
1
-10
16
-9
3
-19
-10
16
-8
1
16
2
